0.25997035 -0.75906434 -0.68658597 -0.47143111 
0.26581815 -0.16841867 -0.18250403 -0.25386473 
0.45486814  0.29003037 0.18412617  0.27662692 
-0.09434665  0.49902037 -0.14208209 -0.07120763 
0.04609255  0.22018436 -0.15151534 -0.10041713 
0.26679412 -0.12876849 0.38132603 -0.22658772 
-0.05875090 -0.00224487 0.09524182  0.51701644 
0.84118423  0.55752527 0.28525450  0.36909603 
0.06052905  0.21790125 -0.03195901  0.19137136 
0.31755457  0.08673516 -0.32198499 -0.24035529 
0.67457359  0.09979031 -0.05365507 -0.23559991 
0.04451180  0.55105177 0.36110436 -0.03737417 
0.04985181  0.81898744 0.12137217 -0.00171303 
0.04712762  0.36043884 0.26703071  0.11349213 
0.20977419 -0.06642595 0.02141888 -0.13426455 
-0.18323202 -0.46043543 0.05984479  1.08330803 
0.83027722  0.51585626 0.43097452  0.38792788 
-0.03567192 -0.13273876 -0.04008051  0.73512055 
-0.08744459 -0.17190756 -0.28704651 -0.58064834 
0.37495092 -0.39135388 -0.26971950 -0.07049775 
0.07302832  0.05136998 0.23096027 -0.32843991 
-0.15359432  0.36703808 -0.44539127 -0.47682467 
0.05150372  0.05415287 0.10180444 -0.19286757 
0.33543562 -0.10502002 -0.22970810 -0.13969696 
0.11673594  0.05232494 0.30112803  0.30504929 
0.25533434  0.25583675 -0.07193595  0.02275693 
-0.13683160  0.01367443 0.47612952  0.40236865 
0.20914788  0.05967214 0.00469015  0.07872442 
0.41499767  0.17965849 -0.06436445  0.14232220 
0.13838337 -0.14394621 -0.17935448 -0.00312926 
-0.08629054  0.23151208 -0.06124298 -0.09565946 
0.20508816 -0.07131149 -0.05140406  0.02042683 
-0.22770083 -0.32364720 -0.20047180  0.12964355 
0.26788970  0.26558297 0.24224229  0.23242019 
0.09771450  0.39874964 0.29537586  0.43236354 
0.18985944  0.41145922 0.15450420  0.18680073 
0.09936629  0.18806870 0.19670128  0.12245118 
0.11738827 -0.33707138 -0.38905205 -0.12842695 
0.18523311 -0.24176520 0.08120714  0.84881458 
0.70433387  0.39173535 -0.84508819 -0.66367743 
-0.30877036 -0.29045650 -0.17616241  0.01108094 
-0.10644097 -0.20106150 -0.30668753  0.13895421 
0.09861390  0.22161933 0.29428136 -0.12543498 
0.15308841  0.40318390 0.05239458 -0.12177985 
-0.17526805  0.10382743 -0.06507988 -0.16941996 
0.37611238  0.10166102 0.85785347  0.64970201 
0.26841889 -0.26269753 0.05087737  0.17857511 
1.06885673  0.35408812 0.84913793  0.98816462 
0.31211326  0.29484993 -0.16572929 -0.11768148 
-0.46883849 -0.30896239 0.60125891 -0.17926177 
0.60348591  1.26015108 0.59262319 -0.29295831 
-0.30017214 -0.20948014 0.78591484  0.59437038 
0.83519310  0.89040176 0.51102008  1.04336303 
0.39690603  0.07357933 -0.12370000  0.14234822 
0.44468817  0.46171222 0.47032911  0.63244674 
0.18776725 -0.15262803 0.13661324 -0.01783667 
0.12268133  0.24188970 0.42159337  0.06280013 
-0.29272908  0.17850456 0.02991460  0.19913474 
0.29918426  0.04061694 0.05990101 -0.18725825 
-0.34128299  0.06391940 -0.07024385  0.49539038 
0.36665729 -0.22177266 0.14553311  0.08651157 
0.10932643  0.28113824 0.05688428  0.13010337 
-0.07514271 -0.10311969 -0.39023831  0.09644386 
0.03789864  0.04039932 -0.09035905 -0.27533812 
0.08692337  0.07086279 0.07738667  0.14184793 
-0.23951414  0.42654588 0.50407821  0.13592315 
-0.14454337  0.26991710 -0.04047724  0.18452446 
0.39557425  0.18100979 0.37178179  0.21282007 
-0.00377439  0.09665970 0.23741804  0.17043177 
0.00090769 -0.02495435 0.04974559  0.19812713 
0.34377157  0.13240475 0.31534844  0.32104268 
0.17752291  0.04696478 -0.09416296  0.01848465 
0.07101661  0.15589681 0.01626148  0.26868319 
0.39200668  0.21025339 0.47952302  0.20567033 
0.61878352  0.47181300 0.30069247  0.14816094 
0.22316148  0.39797756 0.39420733  0.54181352 
0.88556434  0.96526041 0.26370831 -0.41434752 
-0.12766541  0.28525152 0.46302967 -0.07205909 
-0.10087381  0.11704154 0.43845646  0.32505352 
0.14085279  0.41256081 0.27248884  0.32390363 
0.00871880 -0.23258560 0.23738669  0.56014770 
-0.06194964  0.30610112 0.34241193  0.35429124 
0.21664269 -0.12188340 -0.11593125 -0.11542600 
0.02467916  0.04317020 0.39172217  0.32402688 
0.10226323 -0.16442400 -0.06950224  0.76192626 
0.54100725  0.19850161 -0.26475707 -0.34148608 
-0.64488651 -0.64713438 -0.24409983 -0.31097397 
-0.17210624  0.14630448 0.08945155  0.21145031 
-0.30675637 -0.31868466 -0.24076509  0.05966007 
-0.01995923  0.33984294 0.36585326  0.25396396 
0.16762898 -0.35145882 0.24297666  1.11688471 
0.94238755  0.07359979 -0.30788863 -0.56130917 
0.39660284 -0.44133622 0.08562718 -0.04753423 
0.17452281 -0.05487127 -0.03120301 -0.11582991 
0.08991286 -0.60660448 0.32895354 -0.59290352 
-0.34985942  0.21878829 1.20747710  1.08020452 
0.13466391 -0.39848714 0.38615693 -0.24263883 
0.02849851  0.10135376 -0.13118396  0.40579987 
0.15182936  0.07435055 0.00131916 -0.46239160 
-0.20351855 -0.03705625 0.02793920  0.54903158 
-0.53359555  0.14347364 -0.25529995 -0.37270660 
-0.24536355 -0.39714830 -0.18634427 -0.27886411 
-0.16085042 -0.27603242 -0.08668081 -0.18056840 
-0.08929996 -0.34379039 -0.07431605 -0.51713564 
-0.16920453  0.00763261 -0.34681627  0.32261013 
-0.04891100  0.17160050 -0.28232442 -0.48003140 
-0.14143762 -0.04898774 -0.22822810 -0.06733137 
-0.35988819 -0.35352555 -0.28882751 -0.37557776 
0.01239097  0.25585287 -0.03517306  0.14504519 
-0.07615427  0.20230410 -0.02861709  0.19520544 
-0.27182599 -0.13427609 -0.02125538 -0.24279396 
0.13306498  0.03923616 0.19119908  0.15559932 
0.41415971  0.02810416 -0.24342247  0.11937463 
0.06501564  0.14001551 -0.12092748  0.09212398
0.03192476  0.14377906 0.02642446  0.05683786 
0.15093009  0.28014773 0.12933858  0.03030255 
-0.01488068 -0.10401345 0.04861293 -0.10543036 
0.31059165  0.03007523 0.05391688  0.15951332 
-0.30571970 -0.02708343 -0.03761232  0.05688990 
-0.05074876 -0.37749318 -0.38659583 -0.26220857 
0.10365417 -0.14268280 0.55300182  0.24490843 
0.10994232 -0.19708106 0.05729808  0.12644252 
0.04482465 -0.04129738 -0.21899659  0.01916251 
-0.02780820  0.15274815 0.24071093 -0.24176331 
0.16538385 -0.01962787 0.44861244  0.00121362 
-0.01432660 -0.26825196 -0.40997175 -0.26027921 
-0.03554286  0.03134868 0.18749377  0.37596273 
-0.07359505 -0.19741519 -0.22547193 -0.05293173 
-0.34258324 -0.75795909 -0.93796700 -0.11500526 
-0.01330391 -0.57088169 0.22025681  0.08801622 
-0.15070601 -0.60056407 -0.28285601 -0.09990067 
-0.40370676 -0.20181693 -0.03967557  0.15236202 
0.14393968 -0.04490012 -0.38206449 -0.58094244 
-0.41372769  0.11740792 -0.04356578 -0.32056597 
-0.07814526 -0.30315855 -0.80053937 -0.75989306 
0.52402303 -0.37206600 -0.36394143 -0.34404734 
0.70180497  0.92204334 0.30558864 -0.05664768 
0.54938196  0.15101835 -0.11196019  0.00402716 
0.15474665  0.46954578 0.57552913  0.83255347 
0.65309363  0.53420049 1.10032187  0.07335269 
-0.11387789 -0.17224802 0.38656412  0.98983387 
0.96834037  0.06489295 0.39542393 -0.03005344 
-0.37668239 -0.28361393 0.00142125  0.71907628 
0.48786192  1.12353105 0.89755651  0.50584602 
0.06000656 -0.05761357 0.27526541  0.51130465 
-0.23487047  0.05987413 -0.54062633 -0.17366345 
-0.12106244 -0.13449767 -0.24625427 -0.03090380 
-0.10082987  0.06507664 0.16099647  0.14629882 
0.22663460  0.34439940 0.13831250 -0.04657976 
-0.00898371  0.27166194 0.22892448  0.75578483 
0.49749721  0.47032223 0.17103159  0.05620811 
0.13906395  0.21222368 0.18298625  0.17289669 
-0.18402776  0.03596139 0.36337751  0.29037518 
0.19667957 -0.10450993 -0.02269835  0.25335746 
0.24046283  0.27287337 -0.07513040  0.11325516 
0.23195282 -0.11890375 -0.03095385 -0.06336552 
0.11759615  0.31389120 0.24244845  0.04453748 
0.44776520  0.12822864 -0.22433144  0.12221754 
0.00795466  0.05132587 -0.08469858 -0.15777615 
-0.19151251  0.12939106 -0.09098031  0.13456791 
0.31096568  0.12647804 0.10748195  0.20253333 
-0.08174559  0.10613403 0.31992834  0.47436718 
0.26902733  0.26996524 -0.17616582 -0.12092753 
0.29349312  0.13708067 0.02672927 -0.21525966 
0.06712895  0.46645912 0.09859926 -0.31285420 
-0.05440291  0.30108469 0.51410817  0.28889056 
0.04605637  0.15191321 0.41777185  0.20331759 
0.11480523  0.10983455 0.47557538  0.21190409 
0.08347177 -0.10675045 0.22651730  0.78362012 
0.85909875  0.59936239 0.46377073  0.33870976 
0.21031163  0.07259499 0.36898279  0.62319159 
0.20647784  0.15571319 -0.26892699 -0.24178212 
-0.46034260 -0.61830892 -0.78388260 -0.35418502 
-0.24695176  0.34794181 0.33934376  0.44710192 
-0.14413254 -0.26888678 -0.09607367 -0.36712989 
-0.36989406  0.16405900 0.07745098  0.11216067 
-0.17571649 -0.24564582 0.22143084  0.12036543 
0.43887496  0.24038667 -0.20505428  0.22080955 
0.43232458  0.68362773 0.04127820  0.19312351 
0.08148143  0.39213439 0.17948221  0.18479058 
0.12613158 -0.13949506 0.07234560  0.08415279 
0.12425335 -0.12144951 0.31952782 -0.25800809 
-0.33286056  0.20579135 -0.00159250  0.13815823 
-0.13870983  0.20843019 0.31848422  0.57275287 
0.85546200  0.46543887 0.45216794 -0.28351080 
-0.28851456 -0.10192352 0.20596066 -0.52092529 
-0.55016632 -0.76389410 0.24520033  0.18813504 
0.13608892 -0.02764623 0.07294616  0.41944029 
0.12288213  0.20038222 0.51474429  0.24646459 
-0.11473328 -0.36959677 -0.35062695 -0.39767126 
-0.15872916 -0.08794440 -0.14819848  0.13816635 
0.23238389  0.73016305 -0.07215793 -0.10527550 
-0.21056614  0.41986844 0.52017531  0.45748141 
0.76101612  1.06915295 -0.01383139 -0.25898035 
-0.01255950  0.25313097 0.54567750 -0.37762686 
-0.15597547  0.29618530 0.31668787  0.63654647 
0.06535642  0.08946570 0.17048425  0.70143931 
0.23381471  0.21021609 0.63864408  0.61333559 
0.28994991  0.18272441 0.14446826 -0.12409170 
-0.09960352 -0.07779116 0.21486712 -0.01010034 
0.11975282  0.48478699 0.34440720  0.20329969 
-0.24536299 -0.04371308 0.02007414  0.28535462 
0.42904999  0.24916672 0.07240287 -0.18367403 
-0.27468176 -0.25648678 0.26677638 -0.67413644 
-0.30969228 -0.22384661 -0.11663267  0.23417613 
0.10685919 -0.46147241 -0.30808921  0.35827541 
-0.11492561 -0.17183539 0.40949022  0.17199854 
0.29884006  0.36114938 0.35242832 -0.03695260 
-0.07571951 -0.33212437 -0.39002090 -0.11815102 
-0.20668006  0.22399452 0.17399738  0.19302571 
0.20641746  0.44071707 0.26299103  0.43698327 
0.18784222  0.14524749 0.10905525  0.17110608 
0.01391255  0.17382656 0.33740372 -0.02839292 
-0.08642348  0.14923737 0.10703760 -0.04256718 
0.05211002  0.16217494 -0.14037732  0.21060009 
-0.01840099  0.02818426 -0.17130141  0.01860825 
0.15914280  0.21756293 0.25044874  0.13530858 
-0.28638283 -0.19739831 -0.23041589 -0.07019764 
-0.13760335 -0.23237930 -0.18187818  0.12824519 
-0.07710735 -0.35111091 0.07569462  0.42466549 
0.17183215 -0.17455776 0.25253307 -0.12685071 
-0.14097720 -0.44051082 0.04647710  0.19839775 
0.20615245  0.09268109 0.09307639 -0.03177186 
-0.33901893 -0.58484109 -0.70399348  0.38145368 
0.66933778  0.71322866 0.18599163 -0.33960500 
-15.25271698


